###### Dimension 0 ######
(506, 0)
[]
0.0
0.0010013580322265625

###### Dimension 1 ######
(506, 1)
[0.80581464]
0.8058146434977055
0.003981828689575195

###### Dimension 2 ######
(506, 2)
[0.80581464 0.16305085]
0.9688654974812363
0.011005401611328125

###### Dimension 3 ######
(506, 3)
[0.80581464 0.16305085 0.02134869]
0.9902141858298255
0.004004001617431641

###### Dimension 4 ######
(506, 4)
[0.80581464 0.16305085 0.02134869 0.00695696]
0.9971711439656158
0.011008501052856445

###### Dimension 5 ######
(506, 5)
[0.80581464 0.16305085 0.02134869 0.00695696 0.00130786]
0.9984790076359374
0.003000974655151367

###### Dimension 6 ######
(506, 6)
[8.05814643e-01 1.63050854e-01 2.13486883e-02 6.95695814e-03
 1.30786367e-03 7.27742761e-04]
0.9992067503969417
0.002000570297241211

###### Dimension 7 ######
(506, 7)
[8.05814643e-01 1.63050854e-01 2.13486883e-02 6.95695814e-03
 1.30786367e-03 7.27742761e-04 4.20024207e-04]
0.9996267746038224
0.0025610923767089844

###### Dimension 8 ######
(506, 8)
[8.05814643e-01 1.63050854e-01 2.13486883e-02 6.95695814e-03
 1.30786367e-03 7.27742761e-04 4.20024207e-04 2.48721489e-04]
0.9998754960932723
0.004004716873168945

###### Dimension 9 ######
(506, 9)
[8.05814643e-01 1.63050854e-01 2.13486883e-02 6.95695814e-03
 1.30786367e-03 7.27742761e-04 4.20024207e-04 2.48721489e-04
 8.53904192e-05]
0.9999608865124712
0.003002166748046875

###### Dimension 10 ######
(506, 10)
[8.05814643e-01 1.63050854e-01 2.13486883e-02 6.95695814e-03
 1.30786367e-03 7.27742761e-04 4.20024207e-04 2.48721489e-04
 8.53904192e-05 3.08110199e-05]
0.999991697532335
0.002002239227294922

###### Dimension 11 ######
(506, 11)
[8.05814643e-01 1.63050854e-01 2.13486883e-02 6.95695814e-03
 1.30786367e-03 7.27742761e-04 4.20024207e-04 2.48721489e-04
 8.53904192e-05 3.08110199e-05 6.65495193e-06]
0.9999983524842687
0.0

###### Dimension 12 ######
(506, 12)
[8.05814643e-01 1.63050854e-01 2.13486883e-02 6.95695814e-03
 1.30786367e-03 7.27742761e-04 4.20024207e-04 2.48721489e-04
 8.53904192e-05 3.08110199e-05 6.65495193e-06 1.56785857e-06]
0.999999920342834
0.0010018348693847656

